0 42 10609 584941 8 35 4138 591412 15 45 10592 584958 5 42 4138 591412 8
10 42 10609 584941 8 35 4138 591412 15 45 10593 584957 5 42 4138 591412 8
50 42 10609 584941 8 35 4138 591412 15 44 10594 584956 6 41 4138 591412 9
100 42 10609 584941 8 35 4138 591412 15 44 10594 584956 6 41 4141 591409 9
500 42 10609 584941 8 35 4138 591412 15 43 10602 584948 7 39 4141 591409 11
5000 42 10609 584941 8 35 4138 591412 15 43 10596 584954 8 39 4172 591378 12
10000 42 10609 584941 8 35 4138 591412 15 43 10604 584946 8 38 4178 591372 13
0 42 8931 586619 8 34 3680 591870 16 45 8924 586626 5 42 3680 591870 8
10 42 8931 586619 8 34 3680 591870 16 44 8925 586625 6 42 3680 591870 8
50 42 8931 586619 8 34 3680 591870 16 44 8925 586625 6 42 3680 591870 8
100 42 8931 586619 8 34 3680 591870 16 44 8926 586624 6 41 3680 591870 9
500 42 8931 586619 8 34 3680 591870 16 44 8931 586619 6 39 3681 591869 11
5000 42 8931 586619 8 34 3680 591870 16 43 8923 586627 8 36 3700 591850 15
10000 42 8931 586619 8 34 3680 591870 16 43 8919 586631 7 36 3714 591836 14
0 43 10518 585032 7 36 4118 591432 14 43 10502 585048 7 43 4118 591432 7
10 43 10518 585032 7 36 4118 591432 14 43 10502 585048 7 43 4118 591432 7
50 43 10518 585032 7 36 4118 591432 14 43 10505 585045 7 42 4118 591432 8
100 43 10518 585032 7 36 4118 591432 14 43 10506 585044 7 42 4120 591430 8
500 43 10518 585032 7 36 4118 591432 14 43 10510 585040 7 41 4119 591431 9
5000 43 10518 585032 7 36 4118 591432 14 43 10513 585037 7 38 4134 591416 12
10000 43 10518 585032 7 36 4118 591432 14 44 10514 585036 7 38 4148 591402 13
0 43 9681 585869 7 35 3129 592421 15 47 9667 585883 3 44 3129 592421 6
10 43 9681 585869 7 35 3129 592421 15 47 9669 585881 3 43 3129 592421 7
50 43 9681 585869 7 35 3129 592421 15 46 9670 585880 4 42 3129 592421 8
100 43 9681 585869 7 35 3129 592421 15 46 9668 585882 4 42 3131 592419 8
500 43 9681 585869 7 35 3129 592421 15 46 9671 585879 4 41 3130 592420 9
5000 43 9681 585869 7 35 3129 592421 15 46 9678 585872 5 39 3148 592402 12
10000 43 9681 585869 7 35 3129 592421 15 45 9676 585874 6 39 3153 592397 12
0 38 6919 588631 12 32 2233 593317 18 42 6911 588639 8 39 2233 593317 11
10 38 6919 588631 12 32 2233 593317 18 42 6911 588639 8 38 2233 593317 12
50 38 6919 588631 12 32 2233 593317 18 42 6912 588638 8 38 2233 593317 12
100 38 6919 588631 12 32 2233 593317 18 41 6911 588639 9 38 2233 593317 12
500 38 6919 588631 12 32 2233 593317 18 39 6914 588636 11 38 2233 593317 12
5000 38 6919 588631 12 32 2233 593317 18 39 6919 588631 11 38 2254 593296 12
10000 38 6919 588631 12 32 2233 593317 18 39 6926 588624 13 38 2264 593286 14
0 43 9926 585624 7 33 2835 592715 17 47 9910 585640 3 43 2835 592715 7
10 43 9926 585624 7 33 2835 592715 17 47 9911 585639 3 43 2835 592715 7
50 43 9926 585624 7 33 2835 592715 17 47 9911 585639 3 42 2835 592715 8
100 43 9926 585624 7 33 2835 592715 17 46 9913 585637 4 42 2837 592713 8
500 43 9926 585624 7 33 2835 592715 17 46 9925 585625 4 42 2839 592711 8
5000 43 9926 585624 7 33 2835 592715 17 44 9922 585628 6 38 2847 592703 12
10000 43 9926 585624 7 33 2835 592715 17 45 9927 585623 6 39 2859 592691 12
0 46 11648 583902 4 40 4143 591407 10 49 11639 583911 1 46 4143 591407 4
10 46 11648 583902 4 40 4143 591407 10 49 11639 583911 1 46 4143 591407 4
50 46 11648 583902 4 40 4143 591407 10 46 11643 583907 4 45 4144 591406 5
100 46 11648 583902 4 40 4143 591407 10 46 11646 583904 4 45 4143 591407 5
500 46 11648 583902 4 40 4143 591407 10 47 11646 583904 4 44 4145 591405 7
5000 46 11648 583902 4 40 4143 591407 10 46 11646 583904 4 43 4161 591389 7
10000 46 11648 583902 4 40 4143 591407 10 48 11665 583885 4 45 4175 591375 7
0 39 11415 584135 11 31 5591 589959 19 46 11408 584142 4 39 5591 589959 11
10 39 11415 584135 11 31 5591 589959 19 46 11408 584142 4 38 5591 589959 12
50 39 11415 584135 11 31 5591 589959 19 45 11408 584142 5 38 5593 589957 12
100 39 11415 584135 11 31 5591 589959 19 44 11411 584139 6 38 5591 589959 12
500 39 11415 584135 11 31 5591 589959 19 42 11412 584138 8 38 5593 589957 12
5000 39 11415 584135 11 31 5591 589959 19 43 11416 584134 10 39 5608 589942 14
10000 39 11415 584135 11 31 5591 589959 19 40 11406 584144 10 35 5615 589935 15
0 44 11118 584432 6 34 4109 591441 16 47 11097 584453 3 44 4109 591441 6
10 44 11118 584432 6 34 4109 591441 16 47 11099 584451 3 44 4110 591440 6
50 44 11118 584432 6 34 4109 591441 16 46 11099 584451 4 43 4111 591439 7
100 44 11118 584432 6 34 4109 591441 16 46 11101 584449 4 43 4110 591440 7
500 44 11118 584432 6 34 4109 591441 16 45 11106 584444 5 41 4112 591438 9
5000 44 11118 584432 6 34 4109 591441 16 45 11108 584442 5 38 4126 591424 12
10000 44 11118 584432 6 34 4109 591441 16 45 11112 584438 6 38 4135 591415 13
0 41 11191 584359 9 36 4237 591313 14 47 11184 584366 3 41 4237 591313 9
10 41 11191 584359 9 36 4237 591313 14 47 11184 584366 3 41 4237 591313 9
50 41 11191 584359 9 36 4237 591313 14 47 11186 584364 3 40 4238 591312 10
100 41 11191 584359 9 36 4237 591313 14 46 11187 584363 4 40 4238 591312 10
500 41 11191 584359 9 36 4237 591313 14 46 11193 584357 4 40 4244 591306 10
5000 41 11191 584359 9 36 4237 591313 14 42 11202 584348 9 40 4269 591281 11
10000 41 11191 584359 9 36 4237 591313 14 41 11195 584355 9 39 4273 591277 11
0 43 15815 579735 7 36 3827 591723 14 45 15783 579767 5 43 3828 591722 7
10 43 15815 579735 7 36 3827 591723 14 45 15786 579764 5 43 3828 591722 7
50 43 15815 579735 7 36 3827 591723 14 43 15782 579768 7 42 3829 591721 8
100 43 15815 579735 7 36 3827 591723 14 43 15783 579767 7 42 3830 591720 8
500 43 15815 579735 7 36 3827 591723 14 43 15790 579760 7 38 3830 591720 12
5000 43 15815 579735 7 36 3827 591723 14 43 15803 579747 7 38 3853 591697 12
10000 43 15815 579735 7 36 3827 591723 14 43 15812 579738 7 38 3866 591684 12
0 41 6791 588759 9 32 3242 592308 18 45 6782 588768 5 41 3242 592308 9
10 41 6791 588759 9 32 3242 592308 18 45 6783 588767 5 41 3242 592308 9
50 41 6791 588759 9 32 3242 592308 18 45 6783 588767 5 40 3243 592307 10
100 41 6791 588759 9 32 3242 592308 18 45 6786 588764 5 40 3244 592306 10
500 41 6791 588759 9 32 3242 592308 18 44 6783 588767 6 38 3246 592304 12
5000 41 6791 588759 9 32 3242 592308 18 43 6792 588758 9 40 3260 592290 12
10000 41 6791 588759 9 32 3242 592308 18 41 6783 588767 9 37 3268 592282 13
0 42 7857 587693 8 31 3387 592163 19 47 7843 587707 3 42 3387 592163 8
10 42 7857 587693 8 31 3387 592163 19 46 7844 587706 4 42 3387 592163 8
50 42 7857 587693 8 31 3387 592163 19 46 7847 587703 4 42 3387 592163 8
100 42 7857 587693 8 31 3387 592163 19 46 7844 587706 4 42 3387 592163 8
500 42 7857 587693 8 31 3387 592163 19 43 7847 587703 7 42 3391 592159 8
5000 42 7857 587693 8 31 3387 592163 19 42 7852 587698 8 36 3400 592150 14
10000 42 7857 587693 8 31 3387 592163 19 42 7844 587706 8 35 3426 592124 15
0 41 15046 580504 9 32 6219 589331 18 44 15033 580517 6 41 6219 589331 9
10 41 15046 580504 9 32 6219 589331 18 44 15035 580515 6 41 6219 589331 9
50 41 15046 580504 9 32 6219 589331 18 44 15034 580516 6 41 6219 589331 9
100 41 15046 580504 9 32 6219 589331 18 44 15037 580513 6 41 6220 589330 9
500 41 15046 580504 9 32 6219 589331 18 42 15033 580517 8 36 6223 589327 14
5000 41 15046 580504 9 32 6219 589331 18 41 15039 580511 9 34 6244 589306 16
10000 41 15046 580504 9 32 6219 589331 18 43 15045 580505 10 35 6262 589288 18
0 40 8936 586614 10 32 3481 592069 18 43 8926 586624 7 40 3481 592069 10
10 40 8936 586614 10 32 3481 592069 18 43 8926 586624 7 40 3481 592069 10
50 40 8936 586614 10 32 3481 592069 18 43 8926 586624 7 40 3481 592069 10
100 40 8936 586614 10 32 3481 592069 18 43 8926 586624 7 39 3482 592068 11
500 40 8936 586614 10 32 3481 592069 18 41 8928 586622 9 38 3486 592064 12
5000 40 8936 586614 10 32 3481 592069 18 41 8940 586610 9 38 3496 592054 12
10000 40 8936 586614 10 32 3481 592069 18 41 8942 586608 10 35 3505 592045 16
0 38 8798 586752 12 29 3179 592371 21 45 8793 586757 5 40 3179 592371 10
10 38 8798 586752 12 29 3179 592371 21 45 8793 586757 5 40 3179 592371 10
50 38 8798 586752 12 29 3179 592371 21 45 8796 586754 5 38 3179 592371 12
100 38 8798 586752 12 29 3179 592371 21 45 8797 586753 5 38 3182 592368 12
500 38 8798 586752 12 29 3179 592371 21 43 8797 586753 7 36 3185 592365 14
5000 38 8798 586752 12 29 3179 592371 21 40 8797 586753 10 36 3194 592356 14
10000 38 8798 586752 12 29 3179 592371 21 42 8794 586756 10 38 3207 592343 14
0 40 9543 586007 10 33 3970 591580 17 45 9534 586016 5 43 3970 591580 7
10 40 9543 586007 10 33 3970 591580 17 45 9535 586015 5 40 3970 591580 10
50 40 9543 586007 10 33 3970 591580 17 44 9537 586013 6 40 3971 591579 10
100 40 9543 586007 10 33 3970 591580 17 44 9535 586015 6 40 3971 591579 10
500 40 9543 586007 10 33 3970 591580 17 44 9544 586006 6 39 3971 591579 11
5000 40 9543 586007 10 33 3970 591580 17 46 9550 586000 7 40 3985 591565 13
10000 40 9543 586007 10 33 3970 591580 17 43 9533 586017 7 36 4002 591548 14
0 41 10852 584698 9 30 4655 590895 20 46 10830 584720 4 41 4655 590895 9
10 41 10852 584698 9 30 4655 590895 20 46 10831 584719 4 41 4655 590895 9
50 41 10852 584698 9 30 4655 590895 20 46 10831 584719 5 42 4655 590895 9
100 41 10852 584698 9 30 4655 590895 20 45 10831 584719 5 40 4657 590893 10
500 41 10852 584698 9 30 4655 590895 20 43 10836 584714 7 39 4656 590894 11
5000 41 10852 584698 9 30 4655 590895 20 41 10843 584707 9 34 4666 590884 16
10000 41 10852 584698 9 30 4655 590895 20 41 10843 584707 9 34 4689 590861 16
0 43 8005 587545 7 36 2901 592649 14 46 7996 587554 4 43 2901 592649 7
10 43 8005 587545 7 36 2901 592649 14 46 7997 587553 4 43 2901 592649 7
50 43 8005 587545 7 36 2901 592649 14 45 7997 587553 5 42 2901 592649 8
100 43 8005 587545 7 36 2901 592649 14 45 8002 587548 5 41 2901 592649 9
500 43 8005 587545 7 36 2901 592649 14 45 8003 587547 5 40 2903 592647 10
5000 43 8005 587545 7 36 2901 592649 14 43 8013 587537 7 38 2914 592636 12
10000 43 8005 587545 7 36 2901 592649 14 45 8014 587536 7 40 2930 592620 12
0 42 11352 584198 8 35 4513 591037 15 47 11344 584206 3 42 4513 591037 8
10 42 11352 584198 8 35 4513 591037 15 47 11345 584205 3 42 4513 591037 8
50 42 11352 584198 8 35 4513 591037 15 46 11346 584204 4 41 4513 591037 9
100 42 11352 584198 8 35 4513 591037 15 46 11345 584205 4 41 4517 591033 9
500 42 11352 584198 8 35 4513 591037 15 44 11352 584198 6 41 4519 591031 9
5000 42 11352 584198 8 35 4513 591037 15 43 11348 584202 7 39 4542 591008 11
10000 42 11352 584198 8 35 4513 591037 15 44 11349 584201 8 40 4552 590998 12
0 38 7007 588543 12 29 2455 593095 21 44 6998 588552 6 38 2455 593095 12
10 38 7007 588543 12 29 2455 593095 21 44 7001 588549 6 38 2455 593095 12
50 38 7007 588543 12 29 2455 593095 21 42 7000 588550 8 38 2455 593095 12
100 38 7007 588543 12 29 2455 593095 21 39 7002 588548 11 38 2455 593095 12
500 38 7007 588543 12 29 2455 593095 21 39 7008 588542 11 36 2459 593091 14
5000 38 7007 588543 12 29 2455 593095 21 40 7018 588532 12 36 2479 593071 16
10000 38 7007 588543 12 29 2455 593095 21 38 6998 588552 13 33 2486 593064 18
0 44 11229 584321 6 38 3531 592019 12 47 11221 584329 3 44 3531 592019 6
10 44 11229 584321 6 38 3531 592019 12 47 11221 584329 3 44 3531 592019 6
50 44 11229 584321 6 38 3531 592019 12 47 11224 584326 3 44 3531 592019 6
100 44 11229 584321 6 38 3531 592019 12 46 11226 584324 4 44 3532 592018 6
500 44 11229 584321 6 38 3531 592019 12 45 11230 584320 5 43 3536 592014 7
5000 44 11229 584321 6 38 3531 592019 12 45 11230 584320 6 42 3561 591989 9
10000 44 11229 584321 6 38 3531 592019 12 45 11241 584309 6 42 3570 591980 9
0 44 8274 587276 6 36 2494 593056 14 47 8250 587300 3 44 2494 593056 6
10 44 8274 587276 6 36 2494 593056 14 47 8250 587300 3 44 2494 593056 6
50 44 8274 587276 6 36 2494 593056 14 46 8251 587299 4 44 2495 593055 6
100 44 8274 587276 6 36 2494 593056 14 46 8255 587295 4 43 2495 593055 7
500 44 8274 587276 6 36 2494 593056 14 46 8258 587292 4 43 2494 593056 7
5000 44 8274 587276 6 36 2494 593056 14 45 8268 587282 5 40 2519 593031 10
10000 44 8274 587276 6 36 2494 593056 14 45 8252 587298 6 41 2526 593024 10
0 44 13049 582501 6 34 5352 590198 16 45 13034 582516 5 44 5352 590198 6
10 44 13049 582501 6 34 5352 590198 16 45 13036 582514 5 44 5352 590198 6
50 44 13049 582501 6 34 5352 590198 16 45 13034 582516 5 43 5353 590197 7
100 44 13049 582501 6 34 5352 590198 16 45 13033 582517 5 43 5353 590197 7
500 44 13049 582501 6 34 5352 590198 16 44 13042 582508 6 40 5355 590195 10
5000 44 13049 582501 6 34 5352 590198 16 45 13043 582507 6 40 5368 590182 11
10000 44 13049 582501 6 34 5352 590198 16 45 13058 582492 6 39 5376 590174 12
0 41 10239 585311 9 31 4155 591395 19 44 10224 585326 6 41 4155 591395 9
10 41 10239 585311 9 31 4155 591395 19 43 10224 585326 7 41 4155 591395 9
50 41 10239 585311 9 31 4155 591395 19 43 10225 585325 7 40 4158 591392 10
100 41 10239 585311 9 31 4155 591395 19 43 10230 585320 7 40 4155 591395 10
500 41 10239 585311 9 31 4155 591395 19 42 10226 585324 8 39 4157 591393 11
5000 41 10239 585311 9 31 4155 591395 19 43 10232 585318 9 37 4187 591363 15
10000 41 10239 585311 9 31 4155 591395 19 42 10240 585310 10 36 4193 591357 16
0 39 7216 588334 11 31 3309 592241 19 44 7205 588345 6 40 3309 592241 10
10 39 7216 588334 11 31 3309 592241 19 44 7205 588345 6 40 3309 592241 10
50 39 7216 588334 11 31 3309 592241 19 43 7208 588342 7 39 3309 592241 11
100 39 7216 588334 11 31 3309 592241 19 43 7210 588340 7 38 3309 592241 12
500 39 7216 588334 11 31 3309 592241 19 42 7211 588339 8 38 3312 592238 12
5000 39 7216 588334 11 31 3309 592241 19 40 7216 588334 10 34 3321 592229 16
10000 39 7216 588334 11 31 3309 592241 19 42 7227 588323 9 34 3335 592215 17
0 46 10019 585531 4 38 4343 591207 12 48 10014 585536 2 46 4343 591207 4
10 46 10019 585531 4 38 4343 591207 12 48 10016 585534 2 46 4343 591207 4
50 46 10019 585531 4 38 4343 591207 12 47 10018 585532 3 45 4344 591206 5
100 46 10019 585531 4 38 4343 591207 12 47 10015 585535 3 44 4344 591206 6
500 46 10019 585531 4 38 4343 591207 12 47 10020 585530 3 43 4347 591203 7
5000 46 10019 585531 4 38 4343 591207 12 47 10014 585536 4 43 4352 591198 8
10000 46 10019 585531 4 38 4343 591207 12 47 10028 585522 4 42 4367 591183 9
0 43 7618 587932 7 34 2790 592760 16 47 7614 587936 3 43 2790 592760 7
10 43 7618 587932 7 34 2790 592760 16 47 7614 587936 3 43 2790 592760 7
50 43 7618 587932 7 34 2790 592760 16 46 7617 587933 4 42 2790 592760 8
100 43 7618 587932 7 34 2790 592760 16 45 7617 587933 5 41 2790 592760 9
500 43 7618 587932 7 34 2790 592760 16 44 7624 587926 6 40 2793 592757 10
5000 43 7618 587932 7 34 2790 592760 16 43 7621 587929 7 35 2808 592742 15
10000 43 7618 587932 7 34 2790 592760 16 43 7623 587927 7 35 2811 592739 15
0 43 7914 587636 7 36 3564 591986 14 44 7909 587641 6 43 3564 591986 7
10 43 7914 587636 7 36 3564 591986 14 44 7909 587641 6 43 3564 591986 7
50 43 7914 587636 7 36 3564 591986 14 44 7911 587639 6 43 3564 591986 7
100 43 7914 587636 7 36 3564 591986 14 44 7911 587639 6 43 3566 591984 7
500 43 7914 587636 7 36 3564 591986 14 43 7911 587639 7 40 3570 591980 10
5000 43 7914 587636 7 36 3564 591986 14 44 7917 587633 7 41 3587 591963 10
10000 43 7914 587636 7 36 3564 591986 14 44 7920 587630 7 41 3594 591956 10
0 37 9466 586084 13 33 4806 590744 17 44 9455 586095 6 37 4806 590744 13
10 37 9466 586084 13 33 4806 590744 17 44 9455 586095 6 37 4807 590743 13
50 37 9466 586084 13 33 4806 590744 17 42 9456 586094 8 36 4806 590744 14
100 37 9466 586084 13 33 4806 590744 17 42 9461 586089 8 36 4806 590744 14
500 37 9466 586084 13 33 4806 590744 17 38 9463 586087 12 36 4810 590740 14
5000 37 9466 586084 13 33 4806 590744 17 39 9465 586085 13 37 4827 590723 15
10000 37 9466 586084 13 33 4806 590744 17 38 9484 586066 13 36 4834 590716 15
0 43 9231 586319 7 37 2814 592736 13 47 9218 586332 3 43 2814 592736 7
10 43 9231 586319 7 37 2814 592736 13 47 9218 586332 3 43 2814 592736 7
50 43 9231 586319 7 37 2814 592736 13 47 9217 586333 3 43 2817 592733 7
100 43 9231 586319 7 37 2814 592736 13 47 9221 586329 3 43 2814 592736 7
500 43 9231 586319 7 37 2814 592736 13 46 9224 586326 4 41 2817 592733 9
5000 43 9231 586319 7 37 2814 592736 13 46 9230 586320 4 40 2835 592715 10
10000 43 9231 586319 7 37 2814 592736 13 45 9235 586315 5 40 2842 592708 10
0 41 12296 583254 9 34 5517 590033 16 48 12284 583266 2 41 5518 590032 9
10 41 12296 583254 9 34 5517 590033 16 47 12286 583264 3 40 5518 590032 10
50 41 12296 583254 9 34 5517 590033 16 46 12287 583263 4 40 5518 590032 10
100 41 12296 583254 9 34 5517 590033 16 46 12287 583263 4 39 5519 590031 11
500 41 12296 583254 9 34 5517 590033 16 42 12285 583265 8 39 5521 590029 11
5000 41 12296 583254 9 34 5517 590033 16 41 12285 583265 9 37 5539 590011 13
10000 41 12296 583254 9 34 5517 590033 16 41 12275 583275 9 35 5550 590000 15
0 42 8650 586900 8 33 4077 591473 17 47 8639 586911 3 42 4077 591473 8
10 42 8650 586900 8 33 4077 591473 17 47 8639 586911 3 42 4077 591473 8
50 42 8650 586900 8 33 4077 591473 17 46 8643 586907 4 41 4078 591472 9
100 42 8650 586900 8 33 4077 591473 17 46 8639 586911 4 41 4078 591472 9
500 42 8650 586900 8 33 4077 591473 17 46 8646 586904 4 39 4080 591470 11
5000 42 8650 586900 8 33 4077 591473 17 42 8650 586900 8 36 4095 591455 14
10000 42 8650 586900 8 33 4077 591473 17 44 8661 586889 8 37 4112 591438 15
0 42 9469 586081 8 38 3347 592203 12 46 9454 586096 4 42 3347 592203 8
10 42 9469 586081 8 38 3347 592203 12 46 9456 586094 4 42 3347 592203 8
50 42 9469 586081 8 38 3347 592203 12 46 9455 586095 4 41 3349 592201 9
100 42 9469 586081 8 38 3347 592203 12 45 9459 586091 5 41 3349 592201 9
500 42 9469 586081 8 38 3347 592203 12 44 9464 586086 6 41 3348 592202 9
5000 42 9469 586081 8 38 3347 592203 12 44 9464 586086 6 41 3372 592178 9
10000 42 9469 586081 8 38 3347 592203 12 43 9464 586086 8 42 3380 592170 9
0 41 6588 588962 9 33 2504 593046 17 44 6576 588974 6 41 2504 593046 9
10 41 6588 588962 9 33 2504 593046 17 44 6578 588972 6 41 2504 593046 9
50 41 6588 588962 9 33 2504 593046 17 44 6577 588973 6 41 2504 593046 9
100 41 6588 588962 9 33 2504 593046 17 45 6581 588969 6 42 2505 593045 9
500 41 6588 588962 9 33 2504 593046 17 41 6585 588965 9 39 2507 593043 11
5000 41 6588 588962 9 33 2504 593046 17 41 6590 588960 9 38 2520 593030 12
0 45 6608 588942 5 32 2640 592910 18 47 6595 588955 3 45 2640 592910 5
10000 41 6588 588962 9 33 2504 593046 17 41 6588 588962 9 36 2519 593031 14
10 45 6608 588942 5 32 2640 592910 18 47 6596 588954 3 45 2640 592910 5
50 45 6608 588942 5 32 2640 592910 18 46 6599 588951 4 45 2640 592910 5
0 42 9988 585562 8 30 3929 591621 20 46 9974 585576 4 42 3929 591621 8
100 45 6608 588942 5 32 2640 592910 18 46 6600 588950 4 45 2641 592909 5
10 42 9988 585562 8 30 3929 591621 20 46 9977 585573 4 42 3929 591621 8
500 45 6608 588942 5 32 2640 592910 18 45 6600 588950 5 43 2641 592909 7
50 42 9988 585562 8 30 3929 591621 20 46 9974 585576 4 41 3932 591618 9
5000 45 6608 588942 5 32 2640 592910 18 45 6609 588941 5 38 2650 592900 12
100 42 9988 585562 8 30 3929 591621 20 46 9978 585572 4 41 3932 591618 9
10000 45 6608 588942 5 32 2640 592910 18 47 6606 588944 5 37 2664 592886 15
500 42 9988 585562 8 30 3929 591621 20 46 9984 585566 5 41 3934 591616 10
5000 42 9988 585562 8 30 3929 591621 20 43 9980 585570 8 39 3952 591598 12
10000 42 9988 585562 8 30 3929 591621 20 44 9990 585560 8 37 3955 591595 15
0 41 10697 584853 9 28 4558 590992 22 46 10686 584864 4 42 4558 590992 8
10 41 10697 584853 9 28 4558 590992 22 44 10686 584864 6 41 4558 590992 9
50 41 10697 584853 9 28 4558 590992 22 44 10687 584863 6 41 4559 590991 9
100 41 10697 584853 9 28 4558 590992 22 44 10692 584858 6 40 4559 590991 10
500 41 10697 584853 9 28 4558 590992 22 44 10693 584857 6 40 4566 590984 10
5000 41 10697 584853 9 28 4558 590992 22 44 10700 584850 6 33 4578 590972 17
10000 41 10697 584853 9 28 4558 590992 22 44 10690 584860 6 32 4600 590950 18
0 40 11051 584499 10 32 5094 590456 18 45 11044 584506 5 40 5094 590456 10
10 40 11051 584499 10 32 5094 590456 18 45 11044 584506 5 40 5094 590456 10
50 40 11051 584499 10 32 5094 590456 18 44 11049 584501 6 40 5095 590455 10
100 40 11051 584499 10 32 5094 590456 18 44 11049 584501 6 39 5095 590455 11
500 40 11051 584499 10 32 5094 590456 18 43 11051 584499 7 39 5099 590451 11
5000 40 11051 584499 10 32 5094 590456 18 41 11046 584504 9 35 5114 590436 15
10000 40 11051 584499 10 32 5094 590456 18 43 11051 584499 10 36 5133 590417 17
0 37 5933 589617 13 35 2467 593083 15 42 5927 589623 8 38 2467 593083 12
10 37 5933 589617 13 35 2467 593083 15 42 5928 589622 8 37 2467 593083 13
50 37 5933 589617 13 35 2467 593083 15 42 5925 589625 8 37 2469 593081 13
100 37 5933 589617 13 35 2467 593083 15 42 5931 589619 8 37 2468 593082 13
500 37 5933 589617 13 35 2467 593083 15 41 5937 589613 9 37 2468 593082 13
5000 37 5933 589617 13 35 2467 593083 15 39 5939 589611 12 35 2481 593069 16
10000 37 5933 589617 13 35 2467 593083 15 38 5935 589615 13 36 2488 593062 15
0 43 10118 585432 7 36 4146 591404 14 47 10104 585446 3 43 4146 591404 7
10 43 10118 585432 7 36 4146 591404 14 47 10104 585446 3 43 4147 591403 7
50 43 10118 585432 7 36 4146 591404 14 47 10106 585444 3 42 4147 591403 8
100 43 10118 585432 7 36 4146 591404 14 47 10106 585444 3 41 4146 591404 9
500 43 10118 585432 7 36 4146 591404 14 44 10111 585439 6 40 4146 591404 10
5000 43 10118 585432 7 36 4146 591404 14 45 10107 585443 7 42 4164 591386 10
10000 43 10118 585432 7 36 4146 591404 14 44 10103 585447 7 39 4170 591380 12
0 38 12931 582619 12 33 5036 590514 17 41 12919 582631 9 38 5036 590514 12
10 38 12931 582619 12 33 5036 590514 17 40 12919 582631 10 38 5036 590514 12
50 38 12931 582619 12 33 5036 590514 17 40 12922 582628 10 38 5036 590514 12
100 38 12931 582619 12 33 5036 590514 17 39 12924 582626 11 38 5037 590513 12
500 38 12931 582619 12 33 5036 590514 17 38 12929 582621 12 37 5042 590508 13
5000 38 12931 582619 12 33 5036 590514 17 38 12911 582639 12 34 5054 590496 16
10000 38 12931 582619 12 33 5036 590514 17 39 12919 582631 12 35 5069 590481 16
0 44 10194 585356 6 36 4337 591213 14 47 10186 585364 3 45 4337 591213 5
10 44 10194 585356 6 36 4337 591213 14 47 10189 585361 3 44 4337 591213 6
50 44 10194 585356 6 36 4337 591213 14 47 10186 585364 3 43 4337 591213 7
100 44 10194 585356 6 36 4337 591213 14 47 10188 585362 3 42 4338 591212 8
500 44 10194 585356 6 36 4337 591213 14 47 10194 585356 3 42 4340 591210 8
5000 44 10194 585356 6 36 4337 591213 14 45 10200 585350 5 40 4353 591197 10
10000 44 10194 585356 6 36 4337 591213 14 47 10199 585351 5 42 4373 591177 10
0 33 6244 589306 17 30 3056 592494 20 42 6238 589312 8 35 3056 592494 15
10 33 6244 589306 17 30 3056 592494 20 42 6238 589312 8 34 3056 592494 16
50 33 6244 589306 17 30 3056 592494 20 42 6241 589309 8 33 3056 592494 17
100 33 6244 589306 17 30 3056 592494 20 41 6240 589310 9 33 3057 592493 17
500 33 6244 589306 17 30 3056 592494 20 39 6246 589304 11 32 3063 592487 18
5000 33 6244 589306 17 30 3056 592494 20 35 6241 589309 15 31 3072 592478 19
10000 33 6244 589306 17 30 3056 592494 20 36 6250 589300 16 32 3080 592470 20
0 44 11797 583753 6 31 3144 592406 19 47 11781 583769 3 44 3144 592406 6
10 44 11797 583753 6 31 3144 592406 19 47 11782 583768 3 43 3144 592406 7
50 44 11797 583753 6 31 3144 592406 19 47 11786 583764 3 42 3144 592406 8
100 44 11797 583753 6 31 3144 592406 19 47 11785 583765 3 41 3145 592405 9
500 44 11797 583753 6 31 3144 592406 19 47 11788 583762 4 41 3149 592401 10
5000 44 11797 583753 6 31 3144 592406 19 45 11815 583735 6 39 3164 592386 12
10000 44 11797 583753 6 31 3144 592406 19 44 11800 583750 6 38 3180 592370 12
0 42 11435 584115 8 34 3943 591607 16 47 11426 584124 3 43 3943 591607 7
10 42 11435 584115 8 34 3943 591607 16 47 11429 584121 3 42 3944 591606 8
50 42 11435 584115 8 34 3943 591607 16 46 11429 584121 4 41 3944 591606 9
100 42 11435 584115 8 34 3943 591607 16 45 11432 584118 5 41 3943 591607 9
500 42 11435 584115 8 34 3943 591607 16 44 11438 584112 6 41 3947 591603 9
5000 42 11435 584115 8 34 3943 591607 16 43 11422 584128 7 40 3967 591583 10
10000 42 11435 584115 8 34 3943 591607 16 43 11435 584115 7 39 3967 591583 11
0 44 9176 586374 6 34 3226 592324 16 47 9151 586399 3 44 3226 592324 6
10 44 9176 586374 6 34 3226 592324 16 47 9151 586399 3 44 3226 592324 6
50 44 9176 586374 6 34 3226 592324 16 47 9154 586396 3 44 3226 592324 6
100 44 9176 586374 6 34 3226 592324 16 48 9157 586393 3 44 3227 592323 7
500 44 9176 586374 6 34 3226 592324 16 46 9156 586394 4 44 3229 592321 6
5000 44 9176 586374 6 34 3226 592324 16 47 9167 586383 5 40 3242 592308 12
10000 44 9176 586374 6 34 3226 592324 16 46 9178 586372 5 37 3269 592281 14
0 44 9736 585814 6 37 4016 591534 13 48 9724 585826 2 44 4016 591534 6
10 44 9736 585814 6 37 4016 591534 13 48 9724 585826 2 44 4017 591533 6
50 44 9736 585814 6 37 4016 591534 13 48 9727 585823 2 44 4018 591532 6
100 44 9736 585814 6 37 4016 591534 13 48 9729 585821 2 43 4016 591534 7
500 44 9736 585814 6 37 4016 591534 13 48 9732 585818 3 44 4023 591527 7
5000 44 9736 585814 6 37 4016 591534 13 44 9736 585814 6 40 4042 591508 10
10000 44 9736 585814 6 37 4016 591534 13 45 9725 585825 6 40 4050 591500 11
0 43 7757 587793 7 34 3482 592068 16 48 7741 587809 2 43 3482 592068 7
10 43 7757 587793 7 34 3482 592068 16 48 7741 587809 2 43 3482 592068 7
50 43 7757 587793 7 34 3482 592068 16 47 7746 587804 3 43 3483 592067 7
100 43 7757 587793 7 34 3482 592068 16 46 7746 587804 4 43 3482 592068 7
500 43 7757 587793 7 34 3482 592068 16 44 7748 587802 6 42 3483 592067 8
5000 43 7757 587793 7 34 3482 592068 16 44 7749 587801 6 39 3493 592057 11
10000 43 7757 587793 7 34 3482 592068 16 45 7746 587804 6 40 3506 592044 11
0 43 9218 586332 7 35 3531 592019 15 46 9212 586338 4 43 3531 592019 7
10 43 9218 586332 7 35 3531 592019 15 45 9212 586338 5 43 3531 592019 7
50 43 9218 586332 7 35 3531 592019 15 45 9213 586337 5 41 3531 592019 9
100 43 9218 586332 7 35 3531 592019 15 45 9217 586333 5 41 3531 592019 9
500 43 9218 586332 7 35 3531 592019 15 44 9219 586331 6 40 3534 592016 10
5000 43 9218 586332 7 35 3531 592019 15 43 9217 586333 7 40 3552 591998 10
10000 43 9218 586332 7 35 3531 592019 15 43 9229 586321 7 40 3577 591973 10
0 39 9007 586543 11 25 3061 592489 25 45 8993 586557 5 39 3061 592489 11
10 39 9007 586543 11 25 3061 592489 25 45 8993 586557 5 39 3061 592489 11
50 39 9007 586543 11 25 3061 592489 25 45 8994 586556 5 38 3061 592489 12
100 39 9007 586543 11 25 3061 592489 25 45 9002 586548 5 37 3061 592489 13
500 39 9007 586543 11 25 3061 592489 25 45 9006 586544 5 34 3063 592487 16
5000 39 9007 586543 11 25 3061 592489 25 40 9006 586544 10 32 3077 592473 18
10000 39 9007 586543 11 25 3061 592489 25 41 9005 586545 11 33 3090 592460 19
0 36 8945 586605 14 25 3615 591935 25 42 8930 586620 8 37 3615 591935 13
10 36 8945 586605 14 25 3615 591935 25 41 8930 586620 9 37 3615 591935 13
50 36 8945 586605 14 25 3615 591935 25 41 8932 586618 9 36 3615 591935 14
100 36 8945 586605 14 25 3615 591935 25 41 8936 586614 9 36 3615 591935 14
500 36 8945 586605 14 25 3615 591935 25 39 8931 586619 11 32 3622 591928 18
5000 36 8945 586605 14 25 3615 591935 25 39 8945 586605 12 30 3634 591916 21
10000 36 8945 586605 14 25 3615 591935 25 39 8945 586605 13 30 3639 591911 22
0 48 11452 584098 2 37 4698 590852 13 50 11432 584118 0 48 4698 590852 2
10 48 11452 584098 2 37 4698 590852 13 50 11433 584117 0 48 4698 590852 2
50 48 11452 584098 2 37 4698 590852 13 50 11436 584114 0 47 4699 590851 3
100 48 11452 584098 2 37 4698 590852 13 49 11435 584115 1 45 4701 590849 5
500 48 11452 584098 2 37 4698 590852 13 49 11440 584110 1 44 4702 590848 6
5000 48 11452 584098 2 37 4698 590852 13 50 11449 584101 1 44 4715 590835 7
10000 48 11452 584098 2 37 4698 590852 13 50 11450 584100 2 45 4723 590827 7
0 44 10761 584789 6 33 5165 590385 17 49 10747 584803 1 44 5165 590385 6
10 44 10761 584789 6 33 5165 590385 17 48 10748 584802 2 44 5165 590385 6
50 44 10761 584789 6 33 5165 590385 17 48 10748 584802 2 44 5165 590385 6
100 44 10761 584789 6 33 5165 590385 17 48 10752 584798 2 43 5165 590385 7
500 44 10761 584789 6 33 5165 590385 17 45 10752 584798 5 41 5167 590383 9
5000 44 10761 584789 6 33 5165 590385 17 46 10750 584800 6 40 5181 590369 12
10000 44 10761 584789 6 33 5165 590385 17 44 10750 584800 6 39 5191 590359 11
0 42 11596 583954 8 34 3723 591827 16 45 11580 583970 5 42 3723 591827 8
10 42 11596 583954 8 34 3723 591827 16 45 11581 583969 5 41 3723 591827 9
50 42 11596 583954 8 34 3723 591827 16 44 11582 583968 6 39 3724 591826 11
100 42 11596 583954 8 34 3723 591827 16 44 11586 583964 6 39 3723 591827 11
500 42 11596 583954 8 34 3723 591827 16 43 11589 583961 7 38 3726 591824 12
5000 42 11596 583954 8 34 3723 591827 16 44 11589 583961 7 38 3737 591813 13
10000 42 11596 583954 8 34 3723 591827 16 43 11586 583964 8 37 3748 591802 14
0 41 8183 587367 9 34 2423 593127 16 45 8174 587376 5 42 2423 593127 8
10 41 8183 587367 9 34 2423 593127 16 45 8175 587375 5 41 2423 593127 9
50 41 8183 587367 9 34 2423 593127 16 45 8175 587375 5 41 2424 593126 9
100 41 8183 587367 9 34 2423 593127 16 45 8180 587370 5 40 2426 593124 10
500 41 8183 587367 9 34 2423 593127 16 43 8176 587374 7 36 2425 593125 14
5000 41 8183 587367 9 34 2423 593127 16 42 8191 587359 8 36 2433 593117 14
10000 41 8183 587367 9 34 2423 593127 16 45 8183 587367 8 39 2448 593102 14
0 36 8024 587526 14 31 2680 592870 19 41 8010 587540 9 36 2680 592870 14
10 36 8024 587526 14 31 2680 592870 19 41 8013 587537 9 36 2680 592870 14
50 36 8024 587526 14 31 2680 592870 19 40 8012 587538 10 35 2680 592870 15
100 36 8024 587526 14 31 2680 592870 19 40 8016 587534 10 35 2681 592869 15
500 36 8024 587526 14 31 2680 592870 19 39 8022 587528 11 35 2682 592868 15
5000 36 8024 587526 14 31 2680 592870 19 37 8022 587528 14 32 2696 592854 19
10000 36 8024 587526 14 31 2680 592870 19 37 8018 587532 15 32 2702 592848 20
0 43 10596 584954 7 36 4729 590821 14 48 10585 584965 2 43 4729 590821 7
10 43 10596 584954 7 36 4729 590821 14 48 10586 584964 2 43 4731 590819 7
50 43 10596 584954 7 36 4729 590821 14 48 10587 584963 2 43 4731 590819 7
100 43 10596 584954 7 36 4729 590821 14 47 10585 584965 3 42 4730 590820 8
500 43 10596 584954 7 36 4729 590821 14 46 10591 584959 4 42 4733 590817 8
5000 43 10596 584954 7 36 4729 590821 14 44 10584 584966 7 42 4748 590802 9
10000 43 10596 584954 7 36 4729 590821 14 44 10593 584957 7 41 4773 590777 10
0 43 8181 587369 7 31 3868 591682 19 47 8168 587382 3 44 3868 591682 6
10 43 8181 587369 7 31 3868 591682 19 47 8167 587383 3 43 3870 591680 7
50 43 8181 587369 7 31 3868 591682 19 47 8167 587383 3 41 3868 591682 9
100 43 8181 587369 7 31 3868 591682 19 47 8175 587375 3 40 3868 591682 10
500 43 8181 587369 7 31 3868 591682 19 47 8173 587377 3 38 3869 591681 12
5000 43 8181 587369 7 31 3868 591682 19 45 8181 587369 6 38 3881 591669 13
10000 43 8181 587369 7 31 3868 591682 19 45 8176 587374 7 37 3893 591657 15
0 43 9185 586365 7 38 3567 591983 12 47 9176 586374 3 43 3567 591983 7
10 43 9185 586365 7 38 3567 591983 12 47 9177 586373 3 43 3567 591983 7
50 43 9185 586365 7 38 3567 591983 12 47 9183 586367 3 43 3567 591983 7
100 43 9185 586365 7 38 3567 591983 12 47 9175 586375 3 42 3571 591979 8
500 43 9185 586365 7 38 3567 591983 12 46 9188 586362 4 41 3569 591981 9
5000 43 9185 586365 7 38 3567 591983 12 45 9180 586370 5 41 3593 591957 9
10000 43 9185 586365 7 38 3567 591983 12 46 9190 586360 5 42 3602 591948 9
0 43 8059 587491 7 34 3062 592488 16 48 8053 587497 2 46 3062 592488 4
10 43 8059 587491 7 34 3062 592488 16 48 8054 587496 2 46 3062 592488 4
50 43 8059 587491 7 34 3062 592488 16 48 8054 587496 2 43 3062 592488 7
100 43 8059 587491 7 34 3062 592488 16 48 8056 587494 2 41 3064 592486 9
500 43 8059 587491 7 34 3062 592488 16 48 8060 587490 2 41 3064 592486 9
5000 43 8059 587491 7 34 3062 592488 16 46 8057 587493 4 41 3083 592467 9
10000 43 8059 587491 7 34 3062 592488 16 46 8071 587479 4 38 3088 592462 12
0 43 7538 588012 7 35 3537 592013 15 48 7527 588023 2 44 3537 592013 6
10 43 7538 588012 7 35 3537 592013 15 48 7527 588023 2 44 3537 592013 6
50 43 7538 588012 7 35 3537 592013 15 47 7529 588021 3 43 3537 592013 7
100 43 7538 588012 7 35 3537 592013 15 46 7530 588020 4 42 3537 592013 8
500 43 7538 588012 7 35 3537 592013 15 46 7523 588027 4 39 3539 592011 11
5000 43 7538 588012 7 35 3537 592013 15 45 7524 588026 5 37 3552 591998 13
10000 43 7538 588012 7 35 3537 592013 15 46 7520 588030 6 39 3572 591978 13
0 45 8768 586782 5 37 4057 591493 13 47 8760 586790 3 46 4057 591493 4
10 45 8768 586782 5 37 4057 591493 13 47 8760 586790 3 45 4057 591493 5
50 45 8768 586782 5 37 4057 591493 13 47 8760 586790 3 45 4057 591493 5
100 45 8768 586782 5 37 4057 591493 13 47 8763 586787 3 45 4057 591493 5
500 45 8768 586782 5 37 4057 591493 13 47 8764 586786 3 45 4057 591493 5
5000 45 8768 586782 5 37 4057 591493 13 46 8767 586783 4 44 4069 591481 6
0 39 9091 586459 11 28 4513 591037 22 45 9085 586465 5 40 4513 591037 10
10000 45 8768 586782 5 37 4057 591493 13 46 8787 586763 4 41 4079 591471 9
10 39 9091 586459 11 28 4513 591037 22 45 9086 586464 5 40 4513 591037 10
50 39 9091 586459 11 28 4513 591037 22 45 9086 586464 5 39 4513 591037 11
100 39 9091 586459 11 28 4513 591037 22 44 9086 586464 6 39 4514 591036 11
500 39 9091 586459 11 28 4513 591037 22 43 9090 586460 7 37 4514 591036 13
5000 39 9091 586459 11 28 4513 591037 22 42 9096 586454 10 39 4526 591024 13
10000 39 9091 586459 11 28 4513 591037 22 41 9095 586455 10 38 4544 591006 13
0 38 8162 587388 12 30 2921 592629 20 46 8149 587401 4 41 2921 592629 9
10 38 8162 587388 12 30 2921 592629 20 46 8150 587400 4 40 2921 592629 10
50 38 8162 587388 12 30 2921 592629 20 46 8153 587397 4 36 2921 592629 14
100 38 8162 587388 12 30 2921 592629 20 46 8153 587397 4 36 2921 592629 14
500 38 8162 587388 12 30 2921 592629 20 44 8159 587391 6 36 2922 592628 14
5000 38 8162 587388 12 30 2921 592629 20 42 8155 587395 9 35 2935 592615 16
10000 38 8162 587388 12 30 2921 592629 20 41 8151 587399 9 33 2952 592598 17
0 40 8838 586712 10 35 3814 591736 15 49 8828 586722 1 40 3814 591736 10
10 40 8838 586712 10 35 3814 591736 15 49 8828 586722 1 40 3814 591736 10
50 40 8838 586712 10 35 3814 591736 15 47 8829 586721 3 40 3815 591735 10
100 40 8838 586712 10 35 3814 591736 15 46 8828 586722 4 40 3815 591735 10
500 40 8838 586712 10 35 3814 591736 15 42 8835 586715 8 40 3819 591731 10
5000 40 8838 586712 10 35 3814 591736 15 41 8838 586712 9 39 3828 591722 11
10000 40 8838 586712 10 35 3814 591736 15 41 8825 586725 9 38 3845 591705 12
0 43 14002 581548 7 40 5016 590534 10 47 13990 581560 3 43 5016 590534 7
10 43 14002 581548 7 40 5016 590534 10 47 13990 581560 3 43 5016 590534 7
50 43 14002 581548 7 40 5016 590534 10 47 13992 581558 3 43 5016 590534 7
100 43 14002 581548 7 40 5016 590534 10 47 13994 581556 3 43 5017 590533 7
500 43 14002 581548 7 40 5016 590534 10 45 14001 581549 5 42 5016 590534 8
5000 43 14002 581548 7 40 5016 590534 10 43 13996 581554 7 41 5039 590511 9
10000 43 14002 581548 7 40 5016 590534 10 44 13995 581555 8 42 5051 590499 10
0 42 6880 588670 8 37 3081 592469 13 50 6872 588678 0 42 3081 592469 8
10 42 6880 588670 8 37 3081 592469 13 50 6873 588677 0 42 3081 592469 8
50 42 6880 588670 8 37 3081 592469 13 48 6872 588678 2 42 3082 592468 8
100 42 6880 588670 8 37 3081 592469 13 48 6876 588674 2 42 3081 592469 8
500 42 6880 588670 8 37 3081 592469 13 47 6882 588668 3 40 3083 592467 10
5000 42 6880 588670 8 37 3081 592469 13 46 6880 588670 5 41 3090 592460 10
0 46 11052 584498 4 36 4192 591358 14 49 11043 584507 1 46 4192 591358 4
10000 42 6880 588670 8 37 3081 592469 13 43 6884 588666 7 38 3108 592442 12
10 46 11052 584498 4 36 4192 591358 14 49 11046 584504 1 46 4192 591358 4
50 46 11052 584498 4 36 4192 591358 14 49 11047 584503 1 46 4192 591358 4
100 46 11052 584498 4 36 4192 591358 14 49 11046 584504 1 46 4192 591358 4
500 46 11052 584498 4 36 4192 591358 14 48 11049 584501 2 45 4198 591352 5
5000 46 11052 584498 4 36 4192 591358 14 48 11048 584502 3 40 4218 591332 11
10000 46 11052 584498 4 36 4192 591358 14 50 11058 584492 4 43 4233 591317 11
0 44 10863 584687 6 36 4777 590773 14 48 10852 584698 2 44 4777 590773 6
10 44 10863 584687 6 36 4777 590773 14 48 10853 584697 2 44 4777 590773 6
50 44 10863 584687 6 36 4777 590773 14 48 10853 584697 2 43 4779 590771 7
100 44 10863 584687 6 36 4777 590773 14 48 10854 584696 2 42 4777 590773 8
500 44 10863 584687 6 36 4777 590773 14 46 10859 584691 4 41 4781 590769 9
5000 44 10863 584687 6 36 4777 590773 14 44 10873 584677 6 40 4804 590746 10
10000 44 10863 584687 6 36 4777 590773 14 45 10856 584694 7 39 4806 590744 13
0 43 5736 589814 7 36 2486 593064 14 47 5727 589823 3 44 2486 593064 6
10 43 5736 589814 7 36 2486 593064 14 47 5728 589822 3 44 2487 593063 6
50 43 5736 589814 7 36 2486 593064 14 46 5728 589822 4 43 2486 593064 7
100 43 5736 589814 7 36 2486 593064 14 46 5728 589822 4 43 2486 593064 7
500 43 5736 589814 7 36 2486 593064 14 46 5732 589818 4 41 2488 593062 9
5000 43 5736 589814 7 36 2486 593064 14 44 5737 589813 6 38 2495 593055 12
10000 43 5736 589814 7 36 2486 593064 14 47 5743 589807 6 41 2509 593041 12
0 40 9321 586229 10 29 3023 592527 21 47 9312 586238 3 40 3023 592527 10
10 40 9321 586229 10 29 3023 592527 21 47 9312 586238 3 40 3023 592527 10
50 40 9321 586229 10 29 3023 592527 21 46 9314 586236 4 40 3025 592525 10
100 40 9321 586229 10 29 3023 592527 21 45 9318 586232 5 40 3024 592526 10
500 40 9321 586229 10 29 3023 592527 21 42 9321 586229 8 38 3027 592523 12
5000 40 9321 586229 10 29 3023 592527 21 43 9332 586218 10 37 3034 592516 16
10000 40 9321 586229 10 29 3023 592527 21 41 9308 586242 10 35 3048 592502 16
0 36 8385 587165 14 31 3816 591734 19 43 8382 587168 7 36 3816 591734 14
10 36 8385 587165 14 31 3816 591734 19 43 8382 587168 7 36 3816 591734 14
50 36 8385 587165 14 31 3816 591734 19 41 8382 587168 9 36 3816 591734 14
100 36 8385 587165 14 31 3816 591734 19 41 8382 587168 9 36 3817 591733 14
500 36 8385 587165 14 31 3816 591734 19 38 8387 587163 12 36 3822 591728 14
5000 36 8385 587165 14 31 3816 591734 19 37 8390 587160 14 35 3831 591719 16
10000 36 8385 587165 14 31 3816 591734 19 38 8382 587168 17 36 3850 591700 19
0 41 12756 582794 9 34 4138 591412 16 46 12736 582814 4 41 4138 591412 9
10 41 12756 582794 9 34 4138 591412 16 46 12737 582813 4 41 4138 591412 9
50 41 12756 582794 9 34 4138 591412 16 46 12737 582813 4 40 4139 591411 10
100 41 12756 582794 9 34 4138 591412 16 46 12741 582809 4 40 4140 591410 10
500 41 12756 582794 9 34 4138 591412 16 44 12748 582802 6 40 4144 591406 10
5000 41 12756 582794 9 34 4138 591412 16 42 12756 582794 8 38 4162 591388 12
10000 41 12756 582794 9 34 4138 591412 16 42 12751 582799 8 37 4189 591361 13
0 39 9090 586460 11 31 3793 591757 19 45 9086 586464 5 39 3793 591757 11
10 39 9090 586460 11 31 3793 591757 19 45 9087 586463 5 39 3793 591757 11
50 39 9090 586460 11 31 3793 591757 19 44 9088 586462 6 39 3793 591757 11
100 39 9090 586460 11 31 3793 591757 19 44 9089 586461 6 38 3793 591757 12
500 39 9090 586460 11 31 3793 591757 19 44 9093 586457 6 34 3799 591751 16
5000 39 9090 586460 11 31 3793 591757 19 39 9088 586462 11 31 3812 591738 19
10000 39 9090 586460 11 31 3793 591757 19 41 9105 586445 12 33 3822 591728 20
0 38 9037 586513 12 32 3717 591833 18 46 9028 586522 4 38 3717 591833 12
10 38 9037 586513 12 32 3717 591833 18 46 9031 586519 4 38 3717 591833 12
50 38 9037 586513 12 32 3717 591833 18 45 9029 586521 5 38 3717 591833 12
100 38 9037 586513 12 32 3717 591833 18 43 9035 586515 7 38 3718 591832 12
500 38 9037 586513 12 32 3717 591833 18 40 9030 586520 10 37 3719 591831 13
5000 38 9037 586513 12 32 3717 591833 18 39 9035 586515 11 35 3741 591809 15
10000 38 9037 586513 12 32 3717 591833 18 40 9034 586516 12 36 3748 591802 16
0 39 7706 587844 11 27 3453 592097 23 48 7696 587854 2 41 3453 592097 9
10 39 7706 587844 11 27 3453 592097 23 47 7696 587854 3 39 3453 592097 11
50 39 7706 587844 11 27 3453 592097 23 43 7695 587855 7 39 3453 592097 11
100 39 7706 587844 11 27 3453 592097 23 43 7703 587847 7 39 3453 592097 11
500 39 7706 587844 11 27 3453 592097 23 42 7697 587853 8 37 3458 592092 13
5000 39 7706 587844 11 27 3453 592097 23 41 7704 587846 9 34 3468 592082 16
10000 39 7706 587844 11 27 3453 592097 23 41 7698 587852 11 34 3474 592076 18
0 41 9392 586158 9 35 3807 591743 15 46 9384 586166 4 41 3807 591743 9
10 41 9392 586158 9 35 3807 591743 15 46 9384 586166 4 41 3807 591743 9
50 41 9392 586158 9 35 3807 591743 15 46 9384 586166 4 40 3807 591743 10
100 41 9392 586158 9 35 3807 591743 15 46 9392 586158 4 39 3807 591743 11
500 41 9392 586158 9 35 3807 591743 15 42 9390 586160 9 38 3812 591738 13
5000 41 9392 586158 9 35 3807 591743 15 41 9388 586162 9 37 3825 591725 13
10000 41 9392 586158 9 35 3807 591743 15 41 9381 586169 9 37 3838 591712 13
0 38 6732 588818 12 36 2915 592635 14 43 6719 588831 7 39 2915 592635 11
10 38 6732 588818 12 36 2915 592635 14 43 6720 588830 7 39 2915 592635 11
50 38 6732 588818 12 36 2915 592635 14 42 6719 588831 8 38 2916 592634 12
100 38 6732 588818 12 36 2915 592635 14 41 6721 588829 9 38 2915 592635 12
500 38 6732 588818 12 36 2915 592635 14 40 6724 588826 10 36 2918 592632 14
5000 38 6732 588818 12 36 2915 592635 14 39 6723 588827 11 36 2931 592619 14
10000 38 6732 588818 12 36 2915 592635 14 39 6733 588817 11 36 2949 592601 14
0 40 9810 585740 10 33 4576 590974 17 45 9800 585750 5 40 4576 590974 10
10 40 9810 585740 10 33 4576 590974 17 45 9800 585750 5 40 4576 590974 10
50 40 9810 585740 10 33 4576 590974 17 44 9802 585748 6 39 4576 590974 11
100 40 9810 585740 10 33 4576 590974 17 44 9805 585745 6 39 4577 590973 11
500 40 9810 585740 10 33 4576 590974 17 42 9810 585740 8 37 4579 590971 13
5000 40 9810 585740 10 33 4576 590974 17 40 9810 585740 10 34 4586 590964 16
10000 40 9810 585740 10 33 4576 590974 17 42 9803 585747 11 35 4607 590943 18
0 40 7754 587796 10 30 2921 592629 20 43 7745 587805 7 41 2921 592629 9
10 40 7754 587796 10 30 2921 592629 20 43 7747 587803 7 41 2921 592629 9
50 40 7754 587796 10 30 2921 592629 20 43 7747 587803 7 40 2921 592629 10
100 40 7754 587796 10 30 2921 592629 20 42 7749 587801 8 39 2922 592628 11
500 40 7754 587796 10 30 2921 592629 20 41 7751 587799 9 38 2922 592628 12
5000 40 7754 587796 10 30 2921 592629 20 41 7756 587794 9 36 2936 592614 14
10000 40 7754 587796 10 30 2921 592629 20 43 7747 587803 9 37 2945 592605 15
0 39 9683 585867 11 33 3410 592140 17 44 9673 585877 6 39 3410 592140 11
10 39 9683 585867 11 33 3410 592140 17 43 9673 585877 7 39 3410 592140 11
50 39 9683 585867 11 33 3410 592140 17 42 9677 585873 8 39 3412 592138 11
100 39 9683 585867 11 33 3410 592140 17 42 9679 585871 8 38 3411 592139 12
500 39 9683 585867 11 33 3410 592140 17 40 9684 585866 10 38 3413 592137 12
5000 39 9683 585867 11 33 3410 592140 17 39 9682 585868 11 38 3424 592126 12
10000 39 9683 585867 11 33 3410 592140 17 39 9680 585870 11 37 3442 592108 13
0 42 7361 588189 8 31 2778 592772 19 46 7345 588205 4 42 2778 592772 8
10 42 7361 588189 8 31 2778 592772 19 45 7345 588205 5 42 2778 592772 8
50 42 7361 588189 8 31 2778 592772 19 46 7350 588200 5 43 2779 592771 8
100 42 7361 588189 8 31 2778 592772 19 45 7350 588200 5 42 2780 592770 8
500 42 7361 588189 8 31 2778 592772 19 44 7353 588197 6 40 2780 592770 10
5000 42 7361 588189 8 31 2778 592772 19 43 7352 588198 7 38 2791 592759 12
10000 42 7361 588189 8 31 2778 592772 19 45 7345 588205 7 38 2809 592741 14
0 42 11658 583892 8 31 5020 590530 19 48 11647 583903 2 42 5020 590530 8
10 42 11658 583892 8 31 5020 590530 19 47 11646 583904 3 42 5020 590530 8
50 42 11658 583892 8 31 5020 590530 19 46 11648 583902 4 42 5021 590529 8
100 42 11658 583892 8 31 5020 590530 19 45 11652 583898 5 41 5022 590528 9
500 42 11658 583892 8 31 5020 590530 19 45 11652 583898 5 39 5024 590526 11
5000 42 11658 583892 8 31 5020 590530 19 46 11658 583892 6 37 5044 590506 15
10000 42 11658 583892 8 31 5020 590530 19 45 11651 583899 7 35 5052 590498 17
0 44 6778 588772 6 38 2864 592686 12 49 6770 588780 1 45 2864 592686 5
10 44 6778 588772 6 38 2864 592686 12 49 6771 588779 1 45 2864 592686 5
50 44 6778 588772 6 38 2864 592686 12 48 6773 588777 2 44 2864 592686 6
100 44 6778 588772 6 38 2864 592686 12 48 6774 588776 2 43 2865 592685 7
500 44 6778 588772 6 38 2864 592686 12 46 6772 588778 4 43 2868 592682 7
5000 44 6778 588772 6 38 2864 592686 12 46 6778 588772 4 40 2876 592674 10
10000 44 6778 588772 6 38 2864 592686 12 46 6782 588768 4 40 2886 592664 10
0 44 11832 583718 6 29 4056 591494 21 47 11820 583730 3 44 4056 591494 6
10 44 11832 583718 6 29 4056 591494 21 47 11820 583730 3 44 4057 591493 6
50 44 11832 583718 6 29 4056 591494 21 45 11824 583726 5 43 4058 591492 7
100 44 11832 583718 6 29 4056 591494 21 45 11822 583728 5 42 4057 591493 8
500 44 11832 583718 6 29 4056 591494 21 45 11831 583719 5 40 4062 591488 10
5000 44 11832 583718 6 29 4056 591494 21 45 11838 583712 6 39 4084 591466 12
10000 44 11832 583718 6 29 4056 591494 21 44 11848 583702 6 37 4102 591448 13
0 41 10776 584774 9 34 4681 590869 16 46 10759 584791 4 41 4681 590869 9
10 41 10776 584774 9 34 4681 590869 16 46 10760 584790 4 41 4681 590869 9
50 41 10776 584774 9 34 4681 590869 16 46 10764 584786 4 40 4682 590868 10
100 41 10776 584774 9 34 4681 590869 16 46 10769 584781 4 40 4682 590868 10
500 41 10776 584774 9 34 4681 590869 16 45 10762 584788 5 40 4688 590862 10
5000 41 10776 584774 9 34 4681 590869 16 44 10763 584787 7 40 4695 590855 11
10000 41 10776 584774 9 34 4681 590869 16 44 10759 584791 7 40 4721 590829 11
0 47 10932 584618 3 43 4110 591440 7 49 10917 584633 1 47 4110 591440 3
10 47 10932 584618 3 43 4110 591440 7 49 10917 584633 1 47 4110 591440 3
50 47 10932 584618 3 43 4110 591440 7 48 10921 584629 2 47 4110 591440 3
100 47 10932 584618 3 43 4110 591440 7 48 10925 584625 2 47 4110 591440 3
500 47 10932 584618 3 43 4110 591440 7 47 10921 584629 3 47 4115 591435 3
5000 47 10932 584618 3 43 4110 591440 7 48 10930 584620 3 48 4131 591419 3
10000 47 10932 584618 3 43 4110 591440 7 47 10931 584619 3 47 4149 591401 3
0 42 7457 588093 8 33 2840 592710 17 48 7447 588103 2 42 2840 592710 8
10 42 7457 588093 8 33 2840 592710 17 46 7448 588102 4 42 2840 592710 8
50 42 7457 588093 8 33 2840 592710 17 46 7452 588098 4 41 2840 592710 9
100 42 7457 588093 8 33 2840 592710 17 46 7452 588098 4 40 2840 592710 10
500 42 7457 588093 8 33 2840 592710 17 45 7453 588097 5 38 2842 592708 12
5000 42 7457 588093 8 33 2840 592710 17 43 7444 588106 7 36 2854 592696 14
10000 42 7457 588093 8 33 2840 592710 17 45 7455 588095 8 37 2860 592690 16
0 42 7829 587721 8 35 3236 592314 15 44 7818 587732 6 42 3236 592314 8
10 42 7829 587721 8 35 3236 592314 15 43 7818 587732 7 42 3236 592314 8
0 43 8470 587080 7 35 3080 592470 15 46 8463 587087 4 43 3080 592470 7
50 42 7829 587721 8 35 3236 592314 15 43 7820 587730 7 41 3236 592314 9
10 43 8470 587080 7 35 3080 592470 15 45 8463 587087 5 43 3080 592470 7
100 42 7829 587721 8 35 3236 592314 15 43 7820 587730 7 41 3236 592314 9
500 42 7829 587721 8 35 3236 592314 15 43 7823 587727 7 40 3241 592309 10
50 43 8470 587080 7 35 3080 592470 15 44 8466 587084 6 43 3080 592470 7
5000 42 7829 587721 8 35 3236 592314 15 42 7827 587723 8 40 3250 592300 10
100 43 8470 587080 7 35 3080 592470 15 44 8462 587088 6 43 3083 592467 7
10000 42 7829 587721 8 35 3236 592314 15 43 7830 587720 8 39 3263 592287 12
500 43 8470 587080 7 35 3080 592470 15 44 8467 587083 6 41 3090 592460 9
5000 43 8470 587080 7 35 3080 592470 15 44 8480 587070 6 38 3095 592455 12
10000 43 8470 587080 7 35 3080 592470 15 46 8478 587072 6 40 3101 592449 12
0 43 8589 586961 7 35 3664 591886 15 45 8578 586972 5 43 3664 591886 7
10 43 8589 586961 7 35 3664 591886 15 45 8578 586972 5 43 3664 591886 7
50 43 8589 586961 7 35 3664 591886 15 45 8578 586972 5 43 3666 591884 7
100 43 8589 586961 7 35 3664 591886 15 45 8581 586969 5 41 3665 591885 9
500 43 8589 586961 7 35 3664 591886 15 43 8584 586966 7 38 3667 591883 12
5000 43 8589 586961 7 35 3664 591886 15 43 8588 586962 7 36 3684 591866 14
10000 43 8589 586961 7 35 3664 591886 15 43 8588 586962 8 36 3691 591859 15
0 38 7454 588096 12 31 3409 592141 19 44 7450 588100 6 39 3409 592141 11
10 38 7454 588096 12 31 3409 592141 19 44 7451 588099 6 39 3409 592141 11
50 38 7454 588096 12 31 3409 592141 19 43 7451 588099 7 38 3410 592140 12
100 38 7454 588096 12 31 3409 592141 19 42 7452 588098 8 38 3409 592141 12
500 38 7454 588096 12 31 3409 592141 19 42 7456 588094 8 37 3412 592138 13
5000 38 7454 588096 12 31 3409 592141 19 41 7458 588092 10 36 3422 592128 15
10000 38 7454 588096 12 31 3409 592141 19 41 7459 588091 11 34 3431 592119 18
0 44 8467 587083 6 32 3580 591970 18 45 8456 587094 5 45 3580 591970 5
10 44 8467 587083 6 32 3580 591970 18 45 8457 587093 5 45 3580 591970 5
50 44 8467 587083 6 32 3580 591970 18 46 8459 587091 5 45 3580 591970 6
100 44 8467 587083 6 32 3580 591970 18 45 8457 587093 5 42 3580 591970 8
500 44 8467 587083 6 32 3580 591970 18 45 8461 587089 5 42 3581 591969 8
5000 44 8467 587083 6 32 3580 591970 18 45 8471 587079 5 39 3595 591955 11
10000 44 8467 587083 6 32 3580 591970 18 45 8471 587079 5 37 3609 591941 13
0 44 8705 586845 6 40 3508 592042 10 46 8700 586850 4 44 3508 592042 6
10 44 8705 586845 6 40 3508 592042 10 46 8701 586849 4 44 3508 592042 6
50 44 8705 586845 6 40 3508 592042 10 46 8701 586849 4 43 3511 592039 7
100 44 8705 586845 6 40 3508 592042 10 46 8704 586846 4 43 3508 592042 7
500 44 8705 586845 6 40 3508 592042 10 44 8705 586845 6 43 3508 592042 7
5000 44 8705 586845 6 40 3508 592042 10 44 8713 586837 8 42 3527 592023 10
10000 44 8705 586845 6 40 3508 592042 10 45 8702 586848 6 43 3545 592005 8
0 39 8594 586956 11 36 3878 591672 14 43 8583 586967 7 39 3878 591672 11
10 39 8594 586956 11 36 3878 591672 14 43 8583 586967 7 39 3878 591672 11
50 39 8594 586956 11 36 3878 591672 14 43 8584 586966 7 39 3878 591672 11
100 39 8594 586956 11 36 3878 591672 14 43 8584 586966 7 39 3878 591672 11
500 39 8594 586956 11 36 3878 591672 14 41 8591 586959 10 40 3880 591670 11
5000 39 8594 586956 11 36 3878 591672 14 40 8604 586946 11 40 3886 591664 11
10000 39 8594 586956 11 36 3878 591672 14 41 8591 586959 11 41 3909 591641 11
0 39 7070 588480 11 34 3272 592278 16 45 7065 588485 5 40 3272 592278 10
10 39 7070 588480 11 34 3272 592278 16 45 7065 588485 5 40 3272 592278 10
50 39 7070 588480 11 34 3272 592278 16 45 7066 588484 5 39 3272 592278 11
100 39 7070 588480 11 34 3272 592278 16 45 7070 588480 5 39 3273 592277 11
500 39 7070 588480 11 34 3272 592278 16 43 7072 588478 7 39 3275 592275 11
5000 39 7070 588480 11 34 3272 592278 16 40 7083 588467 10 38 3284 592266 12
10000 39 7070 588480 11 34 3272 592278 16 41 7073 588477 10 39 3293 592257 12
0 46 9467 586083 4 38 4077 591473 12 47 9462 586088 3 46 4077 591473 4
10 46 9467 586083 4 38 4077 591473 12 47 9463 586087 3 46 4078 591472 4
50 46 9467 586083 4 38 4077 591473 12 47 9465 586085 3 46 4078 591472 4
100 46 9467 586083 4 38 4077 591473 12 46 9468 586082 4 46 4078 591472 4
500 46 9467 586083 4 38 4077 591473 12 46 9471 586079 4 43 4082 591468 7
5000 46 9467 586083 4 38 4077 591473 12 47 9477 586073 4 44 4096 591454 7
10000 46 9467 586083 4 38 4077 591473 12 47 9466 586084 5 43 4103 591447 9
0 41 8716 586834 9 31 3288 592262 19 45 8705 586845 5 41 3288 592262 9
10 41 8716 586834 9 31 3288 592262 19 45 8706 586844 5 41 3288 592262 9
50 41 8716 586834 9 31 3288 592262 19 45 8708 586842 5 40 3288 592262 10
100 41 8716 586834 9 31 3288 592262 19 45 8707 586843 5 40 3290 592260 10
500 41 8716 586834 9 31 3288 592262 19 44 8709 586841 6 38 3291 592259 12
5000 41 8716 586834 9 31 3288 592262 19 41 8726 586824 9 35 3303 592247 15
10000 41 8716 586834 9 31 3288 592262 19 41 8706 586844 9 34 3320 592230 16
0 41 7626 587924 9 28 3122 592428 22 46 7613 587937 4 41 3122 592428 9
10 41 7626 587924 9 28 3122 592428 22 46 7613 587937 4 41 3122 592428 9
50 41 7626 587924 9 28 3122 592428 22 46 7614 587936 4 39 3123 592427 11
100 41 7626 587924 9 28 3122 592428 22 46 7615 587935 4 39 3122 592428 11
500 41 7626 587924 9 28 3122 592428 22 45 7620 587930 5 36 3124 592426 14
5000 41 7626 587924 9 28 3122 592428 22 44 7623 587927 8 32 3142 592408 20
10000 41 7626 587924 9 28 3122 592428 22 42 7630 587920 8 31 3142 592408 19
0 34 8247 587303 16 28 3527 592023 22 42 8240 587310 8 35 3527 592023 15
10 34 8247 587303 16 28 3527 592023 22 42 8241 587309 8 35 3527 592023 15
50 34 8247 587303 16 28 3527 592023 22 41 8245 587305 9 34 3528 592022 16
100 34 8247 587303 16 28 3527 592023 22 41 8246 587304 9 34 3527 592023 16
500 34 8247 587303 16 28 3527 592023 22 39 8243 587307 11 34 3530 592020 16
5000 34 8247 587303 16 28 3527 592023 22 36 8258 587292 14 30 3542 592008 20
10000 34 8247 587303 16 28 3527 592023 22 36 8261 587289 14 30 3550 592000 20
0 40 8429 587121 10 29 3703 591847 21 46 8423 587127 4 40 3703 591847 10
10 40 8429 587121 10 29 3703 591847 21 45 8423 587127 5 40 3703 591847 10
50 40 8429 587121 10 29 3703 591847 21 44 8425 587125 6 39 3703 591847 11
100 40 8429 587121 10 29 3703 591847 21 44 8426 587124 6 39 3704 591846 11
500 40 8429 587121 10 29 3703 591847 21 42 8423 587127 8 35 3705 591845 15
5000 40 8429 587121 10 29 3703 591847 21 42 8429 587121 9 34 3716 591834 17
10000 40 8429 587121 10 29 3703 591847 21 42 8433 587117 9 33 3723 591827 18
0 44 9008 586542 6 38 4051 591499 12 49 8990 586560 1 45 4051 591499 5
10 44 9008 586542 6 38 4051 591499 12 49 8990 586560 1 44 4051 591499 6
50 44 9008 586542 6 38 4051 591499 12 49 8991 586559 1 44 4051 591499 6
100 44 9008 586542 6 38 4051 591499 12 49 8995 586555 1 43 4051 591499 7
500 44 9008 586542 6 38 4051 591499 12 49 8995 586555 2 43 4054 591496 8
5000 44 9008 586542 6 38 4051 591499 12 46 9002 586548 4 41 4074 591476 9
10000 44 9008 586542 6 38 4051 591499 12 46 9005 586545 7 41 4075 591475 12
0 44 7534 588016 6 39 3189 592361 11 47 7524 588026 3 44 3189 592361 6
10 44 7534 588016 6 39 3189 592361 11 46 7524 588026 4 44 3189 592361 6
50 44 7534 588016 6 39 3189 592361 11 46 7531 588019 4 44 3190 592360 6
100 44 7534 588016 6 39 3189 592361 11 45 7526 588024 5 44 3189 592361 6
500 44 7534 588016 6 39 3189 592361 11 45 7529 588021 5 43 3192 592358 7
5000 44 7534 588016 6 39 3189 592361 11 45 7531 588019 6 43 3201 592349 8
10000 44 7534 588016 6 39 3189 592361 11 45 7536 588014 6 42 3231 592319 9
