7 5769 589821 3 7 1759 593831 3 14 5684 589906 6 803 14 1793 593797 6
6 2104 593486 4 5 1023 594567 5 7 2202 593388 3 423 6 1082 594508 4 256 423
9 3019 592571 1 8 1613 593977 2 10 3127 592463 0 823 9 1693 593897 1 583 823
9 6849 588741 1 9 2116 593474 1 10 6662 588928 0 977 9 2166 593424 1 750 977
7 3408 592182 3 7 1532 594058 3 8 3419 592171 2 876 7 1633 593957 3 658 876
7 26908 568682 3 6 3091 592499 4 8 26450 569140 2 914 7 3159 592431 3 826 914
8 2272 593318 2 6 921 594669 4 8 2238 593352 2 693 8 1029 594561 2 490 693
8 3651 591939 2 8 1488 594102 2 8 3586 592004 2 521 8 1543 594047 2 403 521
6 3054 592536 4 5 982 594608 5 8 3202 592388 2 663 6 1046 594544 4 359 663
9 1503 594087 1 8 742 594848 2 9 1550 594040 1 172 9 771 594819 1 111 172
6 5393 590197 4 5 3045 592545 5 7 5504 590086 3 677 6 3096 592494 4 481 677
9 2819 592771 1 6 1262 594328 4 10 3049 592541 0 752 9 1341 594249 1 408 752
7 2461 593129 3 7 1052 594538 3 9 2517 593073 1 880 7 1322 594268 3 655 880
9 2293 593297 1 9 1164 594426 1 10 2325 593265 0 762 9 1251 594339 1 616 762
8 2561 593029 2 6 1158 594432 4 9 2584 593006 1 478 8 1355 594235 2 372 478
7 2397 593193 3 6 1165 594425 4 7 2441 593149 3 453 7 1205 594385 3 345 453
6 2737 592853 4 6 1358 594232 4 8 2705 592885 2 609 6 1439 594151 4 463 609
9 5609 589981 1 9 2559 593031 1 9 5529 590061 1 691 9 2663 592927 1 582 691
8 4024 591566 2 6 1932 593658 4 10 4039 591551 0 394 7 1980 593610 3 313 394
8 9908 585682 2 6 2365 593225 4 9 9898 585692 1 500 7 2392 593198 3 313 500
8 2498 593092 2 8 1201 594389 2 8 2659 592931 2 634 8 1233 594357 2 383 634
10 4581 591009 0 10 2188 593402 0 10 4734 590856 0 678 10 2246 593344 0 406 678
10 4656 590934 0 9 2175 593415 1 10 4542 591048 0 1004 10 2259 593331 0 848 1004
