5 2325 593270 0 5 1233 594362 0 5 2347 593248 0 136 5 1245 594350 0 92 136
5 2235 593360 0 5 1058 594537 0 5 2203 593392 0 591 5 1083 594512 0 452 591
5 1990 593605 0 5 1052 594543 0 5 2059 593536 0 318 5 1100 594495 0 196 318
5 2209 593386 0 5 1324 594271 0 5 2198 593397 0 563 5 1451 594144 0 475 563
5 3520 592075 0 5 1046 594549 0 5 3412 592183 0 686 5 1083 594512 0 547 686
5 3115 592480 0 4 1794 593801 1 5 3156 592439 0 145 5 1813 593782 0 100 145
5 1851 593744 0 5 894 594701 0 5 1860 593735 0 549 5 915 594680 0 404 549
4 2576 593019 1 3 1139 594456 2 5 2636 592959 0 494 4 1201 594394 1 331 494
5 1277 594318 0 4 789 594806 1 5 1316 594279 0 422 5 832 594763 0 341 422
5 2371 593224 0 5 1252 594343 0 5 2380 593215 0 341 5 1297 594298 0 243 341
5 2290 593305 0 5 1013 594582 0 5 2310 593285 0 349 5 1064 594531 0 267 349
5 2675 592920 0 5 1267 594328 0 5 2802 592793 0 721 5 1339 594256 0 458 721
5 4154 591441 0 5 2095 593500 0 5 4131 591464 0 487 5 2136 593459 0 423 487
4 2965 592630 1 4 1476 594119 1 5 2895 592700 0 532 4 1507 594088 1 490 532
5 1924 593671 0 5 712 594883 0 5 2091 593504 0 662 5 788 594807 0 361 662
4 3000 592595 1 4 1475 594120 1 5 2951 592644 0 772 4 1528 594067 1 656 772
5 2109 593486 0 5 722 594873 0 5 2115 593480 0 256 5 775 594820 0 206 256
5 1504 594091 0 4 935 594660 1 5 1557 594038 0 346 5 982 594613 0 255 346
5 2660 592935 0 5 1378 594217 0 5 2666 592929 0 541 5 1425 594170 0 443 541
5 3605 591990 0 4 1931 593664 1 5 3610 591985 0 625 5 1987 593608 0 515 625
5 1989 593606 0 5 1066 594529 0 5 1988 593607 0 54 5 1078 594517 0 52 54
4 1194 594401 1 4 691 594904 1 5 1305 594290 0 372 4 737 594858 1 223 372
5 2037 593558 0 5 1049 594546 0 5 2046 593549 0 80 5 1058 594537 0 60 80
5 1555 594040 0 5 810 594785 0 5 1628 593967 0 570 5 865 594730 0 427 570
4 2082 593513 1 3 763 594832 2 5 2101 593494 0 353 3 813 594782 2 249 353
5 4664 590931 0 5 2129 593466 0 5 4579 591016 0 391 5 2149 593446 0 362 391
4 5208 590387 1 4 1359 594236 1 5 5008 590587 0 860 4 1578 594017 1 702 860
3 1557 594038 2 3 1016 594579 2 3 1570 594025 2 73 3 1018 594577 2 53 73
5 1777 593818 0 4 772 594823 1 5 1916 593679 0 731 5 893 594702 0 481 731
